00100000000100000000000000110010
00100000000100010000000000000000
00000000000000000100100000100000
00000010001000000100000000100000
00100001001010010000000000000001
00000001001100000000100000101010
00010000001000000000000000010000
00000000000000000101000000100000
00000010000010010110100000100010
00000001010011010000100000101010
00010000001000001111111111111000
10001101000010110000000000000000
10001101000011000000000000000100
00000001011011000000100000101010
00010000001000000000000000000011
00100001000010000000000000000100
00100001010010100000000000000001
00001000000000000000000000001001//J
10101101000010110000000000000100
10101101000011000000000000000000
00100001000010000000000000000100
00100001010010100000000000000001
00001000000000000000000000001001//J
00100000000010100000100100110010
00000010001000000100000000100000
00000000000000000100100000100000
10101100000010100000000100000000
00010001001100000000000000000100
10001101000010100000000000000000
00100001000010000000000000000100
10101100000010100000000100000000
00001000000000000000000000011011//J
00100000000010100000110101011101
10101100000010100000000100000000
00001000000000000000000000100010//J

