00100000000100000000000000110010
00100000000100010000000000000000
00100000000111010000001111101000
00000000000100010010000000100001
00000000000100010010100000100001
00100010000001101111111111111111
00000000110001100011000000100000
00000000110001100011000000100000
00000010001001100011000000100000
00001100000000000000000000010110//JAL
00100000000010100000100100110010
00000010001000000100000000100000
00000000000000000100100000100000
10101100000010100000000100000000
00010001001100000000000000000100
10001101000010100000000000000000
00100001000010000000000000000100
10101100000010100000000100000000
00001000000000000000000000001110//J
00100000000010100000110101011101
10101100000010100000000100000000
00001000000000000000000000010101//J
00000000101001100000100000101010
00010000001000000000000000010011
10101111101001010000000000000000
00100011101111011111111111111100
10101111101001100000000000000000
00100011101111011111111111111100
10101111101111110000000000000000
00100011101111011111111111111100
00001100000000000000000000101100//JAL
10101111101000100000000000000000
00100011101111011111111111111100
00000000010000000100100000100000
10001111101001010000000000010000
00100001001001101111111111111100
00001100000000000000000000010110//JAL
10001111101001010000000000000100
00100000101001010000000000000100
10001111101001100000000000001100
00001100000000000000000000010110//JAL
10001111101111110000000000001000
00100011101111010000000000010000
00000011111000000000000000001000
00000000101000000100000000100000
00000000110000000100100000100000
10001101001010100000000000000000
00000001000000000101100000100000
10001101011011000000000000000000
00000001000000000110100000100000
10001101101011100000000000000000
00000001011010010000100000101010
00010000001000000000000000001100
00000001010011000000100000101010
00010000001000000000000000000011
00100001011010110000000000000100
10001101011011000000000000000000
00001000000000000000000000110011//J
10101101101011000000000000000000
10101101011011100000000000000000
00100001011010110000000000000100
10001101011011000000000000000000
00100001101011010000000000000100
10001101101011100000000000000000
00001000000000000000000000110011//J
10101101001011100000000000000000
10101101101010100000000000000000
00000001101000000001000000100000
00000011111000000000000000001000

