00000000000000000000000000000100
00000000000000000000001011110101
00000000000000000000001010011111
00000000000000000000001100111011
00000000000000000000000011110100
00000000000000000000001111001010
00000000000000000000000101110001
00000000000000000000001011111000
00000000000000000000000101111100
00000000000000000000000111011100
00000000000000000000001110101111
00000000000000000000000001101010
00000000000000000000001100101011
00000000000000000000001111010011
00000000000000000000001011001100
00000000000000000000001011001101
00000000000000000000001110000111
00000000000000000000000011100100
00000000000000000000001101100001
00000000000000000000000000111001
00000000000000000000001110001101
00000000000000000000001110101100
00000000000000000000000000010000
00000000000000000000001111001000
00000000000000000000000010111111
00000000000000000000000010101010
00000000000000000000000010101101
00000000000000000000000001001010
00000000000000000000000001000011
00000000000000000000000111110001
00000000000000000000001100100111
00000000000000000000001110000100
00000000000000000000000111000001
00000000000000000000001011000101
00000000000000000000001010000011
00000000000000000000000010011100
00000000000000000000001001111101
00000000000000000000001110101111
00000000000000000000001001000010
00000000000000000000001101001000
00000000000000000000000111011110
00000000000000000000000101010100
00000000000000000000001000111100
00000000000000000000000011001111
00000000000000000000001100100110
00000000000000000000000010100011
00000000000000000000000101010101
00000000000000000000000101000111
00000000000000000000000001001100
00000000000000000000000001110110
00000000000000000000001111010111
00000000000000000000000010001001
00000000000000000000001000011110
00000000000000000000001011000000
00000000000000000000001001101000
00000000000000000000000111100011
00000000000000000000000000000010
00000000000000000000001010110001
00000000000000000000001000010110
00000000000000000000001111000100
00000000000000000000001101110111
00000000000000000000000000000110
00000000000000000000001100101000
00000000000000000000000001011101
00000000000000000000000110101111
00000000000000000000001100011100
00000000000000000000000010001110
00000000000000000000000101001110
00000000000000000000001101100000
00000000000000000000001100011101
00000000000000000000001001100100
00000000000000000000000111011111
00000000000000000000000111100100
00000000000000000000000110101100
00000000000000000000001001110011
00000000000000000000000011010000
00000000000000000000001000111101
00000000000000000000000011011110
00000000000000000000000100011000
00000000000000000000000011101010
00000000000000000000001101100101
00000000000000000000000000111011
00000000000000000000001000001001
00000000000000000000000010111000
00000000000000000000001001011101
00000000000000000000001101111011
00000000000000000000001100111101
00000000000000000000000100100000
00000000000000000000000000000100
00000000000000000000001110001100
00000000000000000000000100101100
00000000000000000000001101000111
00000000000000000000001011000011
00000000000000000000001011011011
00000000000000000000001001000111
00000000000000000000000101110100
00000000000000000000000010010110
00000000000000000000001010101000
00000000000000000000001011111001
00000000000000000000001110101011
00000000000000000000001000100101
00000000000000000000001110011111
00000000000000000000000110011110
00000000000000000000001111000101
00000000000000000000000111101100
00000000000000000000000111100100
00000000000000000000000101110011
00000000000000000000001100101101
00000000000000000000000110101000
00000000000000000000001100100111
00000000000000000000000000001110
00000000000000000000000100000111
00000000000000000000001110100011
00000000000000000000001011111000
00000000000000000000000100101111
00000000000000000000000010010100
00000000000000000000001010011010
00000000000000000000000101101101
00000000000000000000000111100111
00000000000000000000001011000001
00000000000000000000001101111101
00000000000000000000000011101010
00000000000000000000000101011111
00000000000000000000001101011001
00000000000000000000000010100110
00000000000000000000001010000000
00000000000000000000001001000101
00000000000000000000000011001111
00000000000000000000000011101110
00000000000000000000001001001001
00000000000000000000001100010011
00000000000000000000000001000001
00000000000000000000001110000100
00000000000000000000001110000011
00000000000000000000000011110001
00000000000000000000000010111010
00000000000000000000000100000111
00000000000000000000001011100011
00000000000000000000001010110100
00000000000000000000000010101111
00000000000000000000000101000111
00000000000000000000001111001100
00000000000000000000000100000110
00000000000000000000001101000100
00000000000000000000000110011110
00000000000000000000001111000000
00000000000000000000000001001111
00000000000000000000001111000111
00000000000000000000000101010101
00000000000000000000000110001101
00000000000000000000000000100100
00000000000000000000001010001101
00000000000000000000000001100100
00000000000000000000000100000100
00000000000000000000000011000000
00000000000000000000000010100011
00000000000000000000001100011010
00000000000000000000001101101110
00000000000000000000001101100001
00000000000000000000001111010000
00000000000000000000001001010110
00000000000000000000001011111000
00000000000000000000000011001100
00000000000000000000000000011010
00000000000000000000000111011101
00000000000000000000001110011001
00000000000000000000000011000011
00000000000000000000000001011110
00000000000000000000001110000101
00000000000000000000001111011010
00000000000000000000000111011110
00000000000000000000001010010100
00000000000000000000000101110001
00000000000000000000000010110101
00000000000000000000000101101000
00000000000000000000001111010010
00000000000000000000001111001110
00000000000000000000001010001000
00000000000000000000000100101011
00000000000000000000001100010111
00000000000000000000000010000101
00000000000000000000000010000100
00000000000000000000001110100110
00000000000000000000000110100011
00000000000000000000001000110011
00000000000000000000000110111001
00000000000000000000000011111110
00000000000000000000001101110110
00000000000000000000000111010101
00000000000000000000000011100101
00000000000000000000001011100011
00000000000000000000000101011110
00000000000000000000001010000000
00000000000000000000000111011101
00000000000000000000001001101101
00000000000000000000000100010101
00000000000000000000000111101111
00000000000000000000000001001011
00000000000000000000000110000110
00000000000000000000000111011001
00000000000000000000000010101110
00000000000000000000000100010000
00000000000000000000000011110010
00000000000000000000001001101110
00000000000000000000000011011111
00000000000000000000000100110011
00000000000000000000001010001100
00000000000000000000001000100001
00000000000000000000000011101011
00000000000000000000001101001011
00000000000000000000001100100010
00000000000000000000000011011110
00000000000000000000000011001100
00000000000000000000000101100010
00000000000000000000000111100101
00000000000000000000000000110101
00000000000000000000000110100000
00000000000000000000000010111010
00000000000000000000000110110010
00000000000000000000000100101000
00000000000000000000001111000000
00000000000000000000000001110100
00000000000000000000000001111100
00000000000000000000001001011001
00000000000000000000001011100010
00000000000000000000000100000111
00000000000000000000000110011101
00000000000000000000000000011001
00000000000000000000001011110100
00000000000000000000000101111110
00000000000000000000000011111010
00000000000000000000000011110100
00000000000000000000000001111010
00000000000000000000001010011110
00000000000000000000001110111111
00000000000000000000000001011011
00000000000000000000000111000001
00000000000000000000000101000110
00000000000000000000001100011011
00000000000000000000000111001001
00000000000000000000000101000101
00000000000000000000000001110111
00000000000000000000001101111101
00000000000000000000000001001011
00000000000000000000001000010000
00000000000000000000001100010110
00000000000000000000001111100111
00000000000000000000000111111010
00000000000000000000001001011100
00000000000000000000000111001111
00000000000000000000000011111010
00000000000000000000001110111011
00000000000000000000001001101011
00000000000000000000000010001100
00000000000000000000001110110011
00000000000000000000001101000001
00000000000000000000000000000101
00000000000000000000001010011111
00000000000000000000001100101100
00000000000000000000000011101000
00000000000000000000000010110010
00000000000000000000001111001101
00000000000000000000000000101110
00000000000000000000000001010101
00000000000000000000000100100000
00000000000000000000000100010011
00000000000000000000001000010101
00000000000000000000000100111101
00000000000000000000001011010111
00000000000000000000001110011101
00000000000000000000000100100100
00000000000000000000000011101011
00000000000000000000001010000011
00000000000000000000001100000100
00000000000000000000000100001011
00000000000000000000001001100110
00000000000000000000001111001010
00000000000000000000000100010000
00000000000000000000000110010110
00000000000000000000000000011010
00000000000000000000000100001111
00000000000000000000000100000111
00000000000000000000000011100000
00000000000000000000000101001101
00000000000000000000001010101110
00000000000000000000001100000101
00000000000000000000000111000000
00000000000000000000000011010101
00000000000000000000001100111000
00000000000000000000001100101100
00000000000000000000001011101011
00000000000000000000000000000001
00000000000000000000000101010001
00000000000000000000001110010101
00000000000000000000000000111010
00000000000000000000001100101101
00000000000000000000000010111001
00000000000000000000001111010000
00000000000000000000000000011101
00000000000000000000001000010010
00000000000000000000001001110000
00000000000000000000000010000001
00000000000000000000001010001111
00000000000000000000001111100101
00000000000000000000000000010110
00000000000000000000001010010100
00000000000000000000001001101100
00000000000000000000000001010111
00000000000000000000001000000010
00000000000000000000000000101001
00000000000000000000001101101001
00000000000000000000000111001101
00000000000000000000000100101000
00000000000000000000001101000011
00000000000000000000000111110011
00000000000000000000000101100000
00000000000000000000001000001000
00000000000000000000001101111110
00000000000000000000001110110011
00000000000000000000000000101111
00000000000000000000001000100101
00000000000000000000001011101111
00000000000000000000001101001000
00000000000000000000000110100100
00000000000000000000001001110011
00000000000000000000000110001001
00000000000000000000001101101110
00000000000000000000001101001101
00000000000000000000001100111101
00000000000000000000000010010101
00000000000000000000000011001110
00000000000000000000001101101100
00000000000000000000001000001110
00000000000000000000001110001001
00000000000000000000001011000101
00000000000000000000001010111001
00000000000000000000001000110110
00000000000000000000001010010100
00000000000000000000001011100001
00000000000000000000000110100110
00000000000000000000000100000111
00000000000000000000001000000001
00000000000000000000001010001001
00000000000000000000000100000011
00000000000000000000000001000001
00000000000000000000000011011010
00000000000000000000001010101100
00000000000000000000000111000011
00000000000000000000001101000010
00000000000000000000000011111111
00000000000000000000000100110101
00000000000000000000001110100110
00000000000000000000000000100010
00000000000000000000001010001000
00000000000000000000001101101110
00000000000000000000001000110001
00000000000000000000000101000111
00000000000000000000001011101111
00000000000000000000000110011011
00000000000000000000000001111011
00000000000000000000001111001100
00000000000000000000001111000001
00000000000000000000001111011000
00000000000000000000000000010010
00000000000000000000000111010111
00000000000000000000001101011110
00000000000000000000000101100101
00000000000000000000000101011101
00000000000000000000001010001011
00000000000000000000000010001110
00000000000000000000000110010000
00000000000000000000000100101011
00000000000000000000001110001011
00000000000000000000000011001111
00000000000000000000000000111100
00000000000000000000001110100100
00000000000000000000000111010000
00000000000000000000000111011101
00000000000000000000001000100010
00000000000000000000001111010110
00000000000000000000000111001101
00000000000000000000000101000001
00000000000000000000000010101101
00000000000000000000000001001011
00000000000000000000001101101000
00000000000000000000001110010110
00000000000000000000000001101010
00000000000000000000000110011000
00000000000000000000001101000100
00000000000000000000001111010111
00000000000000000000000001100111
00000000000000000000001011011001
00000000000000000000000001100101
00000000000000000000001001011100
00000000000000000000001111010011
00000000000000000000001000010100
00000000000000000000001101010100
00000000000000000000000011110111
00000000000000000000000100010111
00000000000000000000001000111011
00000000000000000000001101010100
00000000000000000000001100100010
00000000000000000000001000101100
00000000000000000000000001001110
00000000000000000000001000101100
00000000000000000000001001001100
00000000000000000000000011010101
00000000000000000000001100111000
00000000000000000000000001110110
00000000000000000000000010100100
00000000000000000000001100001101
00000000000000000000000100011000
00000000000000000000000001110111
00000000000000000000000001111100
00000000000000000000000000011100
00000000000000000000000111110100
00000000000000000000000010011111
00000000000000000000001010111001
00000000000000000000000010100110
00000000000000000000001010111001
00000000000000000000000110111011
00000000000000000000000111101010
00000000000000000000000011111101
00000000000000000000000000100110
00000000000000000000001011101010
00000000000000000000000001000000
00000000000000000000000111111000
00000000000000000000001011101001
00000000000000000000001110110101
00000000000000000000001110110101
00000000000000000000001010111100
00000000000000000000001100101010
00000000000000000000000011111011
00000000000000000000000000111000
00000000000000000000000100110010
00000000000000000000000101001111
00000000000000000000000010001011
00000000000000000000001111011111
00000000000000000000001011110001
00000000000000000000001010000111
00000000000000000000001001101011
00000000000000000000000110000110
00000000000000000000001100001110
00000000000000000000000101101011
00000000000000000000000001110000
00000000000000000000000010101111
00000000000000000000000101110000
00000000000000000000001101001010
00000000000000000000001110111111
00000000000000000000001111011010
00000000000000000000000110001001
00000000000000000000000101111100
00000000000000000000000111100100
00000000000000000000001000100000
00000000000000000000000110001010
00000000000000000000000101001010
00000000000000000000000001100001
00000000000000000000000000101010
00000000000000000000000100000110
00000000000000000000001010011011
00000000000000000000001101011010
00000000000000000000000111110000
00000000000000000000000111001011
00000000000000000000000001110010
00000000000000000000001010010110
00000000000000000000000001101110
00000000000000000000000011011100
00000000000000000000001101011110
00000000000000000000000011110000
00000000000000000000000010100001
00000000000000000000000110011010
00000000000000000000000010110010
00000000000000000000001001010110
00000000000000000000001000001011
00000000000000000000001101100011
00000000000000000000001011111110
00000000000000000000000110010010
00000000000000000000001000101011
00000000000000000000000100110100
00000000000000000000000000011101
00000000000000000000001101001000
00000000000000000000001111001001
00000000000000000000000000110011
00000000000000000000000001011010
00000000000000000000000011111111
00000000000000000000000101101000
00000000000000000000001110010000
00000000000000000000001101101100
00000000000000000000001110011011
00000000000000000000000101010101
00000000000000000000000110100110
00000000000000000000000100100001
00000000000000000000001101100010
00000000000000000000000001111111
00000000000000000000001101100100
00000000000000000000001001010010
00000000000000000000000010101110
00000000000000000000001111000111
00000000000000000000000100000001
00000000000000000000001010011011

